9999 5 9999 9999 9999 9999 16 11 9999 4 9999
5 9999 7 9999 9999 9999 9999 9999 13 9999 9999 
9999 7 9999 9 9999 9999 9999 9999 2 9999 6
9999 9999 9 9999 9 9999 16 9999 9999 9999 6
9999 9999 9999 9 9999 12 9999 9999 9999 9999 9999
9999 9999 9999 9999 12 9999 17 9999 9999 9999 9999
16 9999 9999 16 9999 17 9999 9 9999  9999 5
11 9999 9999 9999 9999 9999 9 9999 4 9999 9999
9999 13 2 9999 9999 9999 9999 4 9999 8 9999
4 9999 9999 9999 9999 9999 9999 9999 8 9999 9999
9999 9999 6 6 9999 9999 5 9999 9999 9999 9999
